286 0.00011765
3473 0.00011633
4951 0.00011437
3890 0.00011352
7365 0.00011227
6359 0.00011147
4352 0.00010814
7032 0.00010782
7541 0.00010756
3699 0.00010723
4877 0.00010607
3242 0.00010498
6503 0.00010443
4221 0.00010395
7293 0.00010353
2276 0.00010337
1189 0.00010336
1441 0.00010194
1866 0.00010146
8602 0.00010119
5012 0.00010118
2342 0.00010111
4660 0.00010075
7353 0.00010038
1237 0.00010032
257 0.00010032
8036 0.00010024
8314 0.00010024
7633 0.00010018
2797 0.00010010
6901 0.00009967
5303 0.00009954
9602 0.00009951
7451 0.00009947
2289 0.00009933
6579 0.00009890
1522 0.00009890
7833 0.00009873
7036 0.00009861
3916 0.00009858
1312 0.00009846
2026 0.00009821
8754 0.00009811
9559 0.00009794
3279 0.00009790
4384 0.00009788
5553 0.00009783
248 0.00009777
2568 0.00009771
1279 0.00009770
3683 0.00009723
1169 0.00009717
7016 0.00009700
6180 0.00009697
8914 0.00009692
7846 0.00009691
7497 0.00009676
5798 0.00009650
6898 0.00009650
2730 0.00009635
6655 0.00009635
1890 0.00009633
8065 0.00009632
9287 0.00009623
5421 0.00009602
9367 0.00009591
6500 0.00009585
517 0.00009583
8561 0.00009581
4240 0.00009577
5568 0.00009545
3545 0.00009533
8550 0.00009530
200 0.00009524
9747 0.00009507
2645 0.00009493
3145 0.00009490
1490 0.00009484
9043 0.00009476
614 0.00009476
8517 0.00009476
1340 0.00009475
70 0.00009455
1798 0.00009452
7220 0.00009435
348 0.00009435
1042 0.00009419
7854 0.00009377
9910 0.00009376
8278 0.00009375
472 0.00009367
6158 0.00009365
3340 0.00009361
226 0.00009360
6030 0.00009358
1493 0.00009351
8937 0.00009343
9520 0.00009339
3483 0.00009327
2794 0.00009321
